10110110010111110110101000010001000101011001010110100010111010001011110100000111101000011100010111101101110100111111001001110111
10100110011011000000110111010100010101100010110001110001010111010000111110111111001101001001010000100101001100100000100001011110
11111110011110010010001110000111111110000111010001111011010001000011111101010100010100001110011011110010010111011001110111111111
01110100001010100011001010100001111100001100100001100110101101111010111100010110100000000011101111001010100110000000010110110000
10101000011011111001000100010011000000100110011110000110000111011111111010111011111111111111010110010111111100010111000001001000
01100100111101000110010001010011010001110110101010101000111000000000010011111010110011010001110001011011110110101101010000111011
10100111100000001110011001001101101101100110110000111010011110010000100101000001010100001010000000101000101001100110100110010011
01000110110011010010010100000100101011001011010110001110100110010110001001001110101000101100101110010000000101001010011100100100
01000001010000110011100011000110010000111111110101110000001110000110001111111001101101001011000011101110111011101100110000000001
00100000100000001100010011001110000011001001110011110111010010100011000011001101011101010101001101001010111111011011110010011100
11100001011110100110001011000110100000010110101100110110010000111000000100111000011010111010000110000101110000110100110010000101
10001111001110001110001100100101101000101101101001011011011010100111111101101000010110010011100110010000101001101110001100101110
10100110000100000001010111000010011101111011001000010001111000101000001110110101010010101101010001011101100010111110110000101110
00011000000111001111111011110100011110001101011100111010100111001001110011100010000001000111001011010000001101101101100011111101
01001011111111011101101101011101110100101100010000110111101000111000111000011100111001100011100000101001111100111100011110010010
00110111101011111010100010010110011101110100101001001101000001111110011001001111010111000110011000111011101110001100111000011000
11000110110100110101010010010101001110101011011101101000100010110001100100010110111011101111111011000000101001001101101010010110
11000000100011000011011100000011111000110011111100001100101111101001010001010000100000100011001110101110110100010010000111000011
10000000011000100101111110110100111010110000101111100010100110111001001111001011101011110110100010010101001010000101110010001111
01010111010001010100100101010000111000010110101000010111110010100010011100110111111001101010111110001111010010011111010111011101
01101100101101001000100010100100110110000000110111111011000100010100010011111111101110010101101111100101001110000101111100110100
01001100111000111111001110100001100010111000001000000100010100001110100010111000010111010111001111111101101010001000111100111111
00101111101111000101110101011110100100101001100011111110100011001100011010110111110110110110001110011001001010011111010110110001
11000100100000000101110010000110110110010101001011101000001000001110010000111101101010111011011000001001000111000011111001100100
00001011110101111010111101000010011010101111001010000111011110110000000111111011001110011101110011111100011010110010101010101110
00001010001101001100000001111100100101001101010100000011100010000010101100010111110011110011001000101110011001010010111010100101
11000011011100111100000110010100100011100101110111011100100001101100110101101011001000100000000001100010100111011010001000011111
00111100011101010010010111100010110000000001001100101001110110110010001111100110111000010101110001011010001110011001111010011011
01010001110111001110111111010000111010001111100101110000101001100110111010100110101011001101000010100101000011110011011101111000
10110011010000110100100011111011001000001110101011111001111101011000111101001010101010010100111110110010000010011111011110101011
11110111011101111001111000001100000011010101111110111100001000110011110000100111110111010111010100111111100011101010111101100100
01101011011101001000111101000111001011011100100101100010010011100001000111000010011101100101010001000011100001101110100110001010
01000111100001101011100000010111010111011010001011000111010110001010010010000011110010101101001111011011001001100001100000011010
10011000110000000011011011001111001111110010001110111101000001100100100110111110101011011101111000101110011011000110100001111100
00001101000111101100111101111101000101100111100101111100010001001010011010000101101101001110011001111000000001101011101000001011
11010011101000011101110011010110001110000011111000101110010100001001011010010001110010100011111100000011011001000001100111001011
00011010000111110010111011110101110000011100110010110101000001000000011011100101001001011111100100101000001110101010100010000110
10101110111101110111010111010100110100010101100001010101010110000001110011000011000001110111000001100000011101010001000000111000
10001101010001011110101000011001100010011110110010110100010011101000011111010011001111001111111001110010110101110101110111111111
10011111000100001101000101001110000100001000111110001010011000001000000101001001110011000010000100110001110101010010000110110101
00011001000010000111111010010111011010000011100001010011011001110111100100101010001111000110000000111000101101111010101101011100
00000110110010010111100001110111101011010001110011101101111001011000100001001110010010110110011000101001000110101001101100100110
01101101110110011110011100100000001111000000010010101011011111000110001010010000001000010000101101111100001100011000100100011010
00001111111001001000000001100101001101100111011001010011111010011011000000010000011001001110011001100001000100011001100111001101
11010000000001110100111101010100101011010111100111011011101010110110001000100010001001010011111000010110100111000101000111111111
00011101100100110001000011000000000100000110010011110101010101000100001000101101000111010000001000110011100011110010001101101000
11000001001111101011110010111001100001101001101010011110010110010010011101111001100100101110011101111011000011001001100101111101
01010101001100001011011100000110001110110010000100100110100000010100000010001100110001010011111101101011011000111001011011110111
01011100100101001111100110101111101101011010111111000111100101000101011111000000010110100111010101010011010101000000000010001010
10010001110110001000010110010110001111110011011010010011110001001111010110001100100001101111110010010000000011110110010010110100
10110010110100111101110010000110000011011000101100010100010011110011001101001001010111111111001110001110100100010101010000001000
01100011100101101011000100011111010001110011100101110000000101100100011110001110100110011100111111011101110100101010010010000101
10000001010101010100001110100111111000101001000100101011111100000111111000100001000110000011011010111110001010101110000100100001
00001111011111111110101000100110110000110101100000111101000110110100011101100111101101101100101000000110011010101111000000111110
11001101110011000101110000100111101100011001111100101001110110100001000011011001001100010101000000000110001001001101011000000000
11100100100000101100000011000100100101001110010000101011011111010010000011101010001000111100101110111110100011101000010100000000
00110101011100101000000000101110010101101110001111000100110100010100000110010001110001100111100010100101010111011010001110110000
01011011100101001111111111101110111101001011011010101010011100000101000011000000111110001101000110111001110000010110111000010111
01111111010001010010100111100000111011011001001111010011111010100101001110110001110010000010001111011010100011100000001101100111
01111011000000110101011110011010001011000100100111010110011000111101100011111011001000111001010110000000010011110000000100000100
10100001001101000000100010000111010100110110101001000000001111111001110100100101110001011111001010000111111111100001101011011100
11101000111101100001110101101001101000010100000011111010001010100011100000101001001110101100100101001110010010000010110101011001
00010011110100110110010011110100000001100100100011101111100011111100001110000111111111111011100110110110110110111110100010100100
11001110001001001111110101110110101111101101111010110000100110111110100111011010100100011110001011011110001100111000001100010101
11001000111001011111011100000011110111010101000110010101010111110111010111011111110111010100000010000101101110100101111000011010
00001111110010101100001111000010100000111001000011101111111111111011100100101101000111000010011011000011010101000011101001011100
00011100001111110110101100101000100111111101110001111100111100000000101011110100111001101110001100111100011101000111110001010110
10101011100010011001101100010001101111011001001010011101011010010010100101001001110110110101110111001011110011011010010101101101
10011011010100111001011011110011001100111001110010010000000011011100110101100010010111101100001101001110000100110111001000100100
01100001001000111110000001001010111011110010101000001001110101011100100000100100101101111001111110101100100001101001010010001001
10111011111101011011110101010100111001000111001110011111110011111010001001000000100001010010100000110001100110100110001000111101
01110011000111111011111111001011010110010010011001011111001001111111111000011010010111001101101101010011101101111100011000000010
00000100100101111011010100110000110000101001100100010001010101110110100101000111011001010110011001101011110011001011101000110010
00100011010100111000111101101101000011100011010000100001000000000110000011110111100100101111010110111001101010110001001011100110
10010010101111000101111010101010100010101001011000011101101000100011010011100101011101110011011100001011111110000010101101010010
01110100001001000101100101100100011101110010100000111001001100011100100100001010011001100010101001110110010110100110110011111010
01001001001100111100100000000101001100110011110101010010011111111010100100010000001101000100001010100001100011010111010100111011
11101010100011011111000111000100000000110010110100111101010110011000100110100111100110000001001011110111101100101110111001111100
00010110100111011001000101101100011001000000010100111001011111000010001010010101000111000100111100110100010100111101001110010001
01000100001001110010011001100111111011000000010000001100001101001100110111111100010110011111001001000000101101001111110111001110
10010010101001010101110000000011010001001010101001101011110011010110100010110011000000101011101111110100000111011011111011001111
11000000111100001111111010001100010110100101010001101011000011001001101111111001001000011100110011101010011011110000101010101110
01001011000100110101011010111110111011001011100000011000100001001001111100011110010000001011010111110001111001110111011111001100
00111101100101011101011100011110010110111110011010110001101000101101001100111101110011100111100010011111001111101000011110011101
00100010111101100100101010101001100110000111011011000000101001000100100111101010010000010101011101110011101001000001101101101010
00101011110001110100101001010001100000111101111001111011011000111010010000101011101110010001111001101111111000101001010111000110
00101101001010011011100100001011111100001001010010010000010100001101001100000000101000011110101100111111101100100100001001010001
01011011100101100111010000101001010100000000110101111000010000110000110000100101100000011010101001011001000000000011101111011011
10101000100101011111100111111111101100100110000111011001110001010111000101111111001011100000010101110111101100001101101110001001
11010110010110010010001101111010001001111001101000101011011110100000000100100010110110001110011111001110001111100001101010000100
00110011011001100111001010101000011010000001010101111010000001011111110000100111011010100101001011111000100110000000111101000110
10110100101010011010000001110100101000000000111000001111000011110010000011011111001100101010111100000101000111011100110111111001
01010000100001010110110010101101101011000011110110000001101001111100100010110011010001101111000101011011100100010001010001101101
11000110101111010100001011001010110111101111010010111001001101100010110111101100001100111110101000110000110111000011101100000001
11000000100000010000101111100110001110000010001011110110000000100011100100000110001111000010110110101001111100111101110001110101
10101100111111000100100110001000100000101101011100101111100010101110001010100101101100001011001101001011001000000101000001000000
11100010000110101010101011101001111001100100010100010100010001100010001000001101111001001001100111000000011010110010001001011010
00010000000100011001111011111000000101001000011101110100000100111100111011111011110110111001101100100010100101011010010110111011
01111000011101011011000001001110110000011011011010000010111000100100101011001111001011011101100010111011111001011111110010111001
10000001010001001100111000101011001101110110101000001010000111111001110010110110010011010001001111010000111100111010001101101100
00000000011111010000100110111110000110111000101011010110001110110011101011011011000010011110011100110100000110110101011000001100
00110010001111000101011010101011100010000100100010001100100011000010100110101000100111110101111010110101111100000010111001101001
10010010011001001101011010011010000100100011011011101101000000001111110110101100001100010101110010001001001100010110001001101000
10101111010111000111111000101110100110110011100001101100000100000110111110100001011101000000010000110101100110101101000011011010
00011000001001111010000100000101111000110001110110100110100001010010000011001110000111111110101100101101101000111001011010101001
11110011001001001100001011110111111001000000011001100011111011011111000011101101100011010111001001000010001110000010001101011010
11101101011010111011000110001000011011101000100100110101101001001110101001110101100101100101000101100001001100100011011101111100
11000010100010011111111001010100011000110001000001111010110111000011011110010001100001010001101101001010000010000000001000000010
01111000111111000010000100111101110100000001101111011101100100000010010100010011001110001111100011111100100111001100111010110010
11011010100100011011010111110100001110101010110110110111111001111010001101110111010000111100000000010000110000011101100011000111
11100101010001101101010100110110100111110110101101001001010010001111101001111001000011111111010010010011000000110101110111100001
11110010000001111111000010011000000011100001111011011110010111110000110111111111011011110100110010101100000000100111000010110000
11101101101001101111000011011010000000111000100010111101110000110110010010011010111111001000000111100101010010011001110001110100
10011110100010100100101010011101000011010101010000001101010000110000111001011100011110101100001001110101111001111101111101100101
11000011111111101011001101111010100011100100101001100100000001010101000111011101100111101010111100100110100110000010110011101001
00110111001100100010000000001010011010000100101110100111010111101010101010011101111010110011010111000001011111111111010111100101
01110011110010100011010111101010101101111011000111000101001000001001101101111110001010001000110011111100011010101001111011010001
11010000010101100111101100000000010101010001001101101010110010001100101101100001010001111001011101110001100111101001110010110100
01011000110011111001001100000101110010001001000010110111011111001110000010111100101111001000111010010010110011000100011101100100
10001001100001100001001000111010101010000010011101101110101011111101000100000000010111111000111111000011111110011001010111111011
01001011100011010011111110100010110011010110001010010010100110100100000110100000111101100100001010101110101101110000110010000000
11011011011100101001100110111001100001011001110000010011001000101000011010001001001101011110011001100101011010101000000100100001
01100100111010110010000100010011010010011100010001001000000000001010011110000111001001100000011101111010000000100111010111011000
01100000111000010100011100000001001111100101011010100010001001000101100010000000111110100111010101100111110000001011010110000101
11001111101111011110000010111110100010111011110101011101111100111100101101001111011110001011011011110000111110111110011001001111
01011100000110101001101101111110001000001101110001000001100010001100011010101110101000001001101010001001011101111110011101011110
10110000000101011001100111101011111001111011111011010101001100100111111110001111101001011001111011000101110110010110011100001100
01010001101110000001110101000011111010100101001010110001011101010001011110111000100000100001000011101000010011010100101101111101
00110101011101111111100011101101100010011001110110101111011111000000011101110000110101101000100011111101100111010101110010101000
10010100010010100111001101111000110100011011110110111001000100000010100011111101011100100110110000111110110000011111011010111011
00011110111111110111011011101010011011101011111111001000110000010001001000000001100010110101111110111111110011000101100010010000
10000010110110111101001011000101111001100111010100001010100100011110101001110101000001001101101110111011010001001100011110110000
00001010111110111011110111011011010111101001001110001010110000001111011011110100110011101111100100110011110111001111101110000100
00101100011001101000100000011110011110000110000001100010010010111101001000000101101111000110111101100010101001100100101111011111
11111001000101111001111010101010001000011110011100001011111010111111001101001010010001001101010011011001011001110001010111101100
00011101011101111110111111101111101110000011100001111001111011000010111001011001111011011000010110111101011011100000001110110010
10011101110111101101001011101001100110000001110111101111111111001100100010010111101010000110001001011111101010001110111100001111
01011111101100111000111011100101011101001110111100011010111011000100011110000010000110110001101010000011011111000001001000011110
00000000000000000000000000000000000000000000000000000000000000000000000000000000000000000000000000000000000000000000000000010000
