001110011010101
000010001110000
001011011100110
011011110110011
010100100000100
000111110010100
001111110011100
001111111110101
100001100001000
001011110000001
010001111011110
011011010011100
000101010100010
011010111000000
001001001000001
000111110111010
100000011000111
010011111111111
001110011010111
000100110010000
011001110100111
000000111000000
011010100000101
000010001000011
001111111001110
000011000011000
010111001110000
000001011011111
100010000010011
011100101100000
010100001100110
001110110011010
000010000111001
100000001010100
000110111010000
010110000100101
011111100100011
011100001100101
011111011010000
000001101001000
000101001100010
011101011001110
010100111100110
010101100111001
011000101000100
000010000111101
000111001101001
011111010011111
000010001110110
000101110111011
001001100111010
011001011111111
010110010110111
010000110100001
010110110000010
010000011110001
011111100110110
100000110111100
011000011101110
010101110100111
010001011100101
001000000111001
010010110110010
010110101101011
000000000101000
000100100011011
