11110111101001110100001001100111
01110000100111010000011110001001
10011101001010111010000100100101
11100010111100010101100011110110
00011100001110110111100110101110
01010111111010100001011001111101
10000111010011000110001110101101
10011110001101010010011111010011
10000010010001011110000000111001
11100001001000001010011011100010
00100000010110101001011000001011
11001010011111111111001100010000
01001110001011010001011100100010
10000010111100011100000110101000
10000111000010101111001111011011
10111000010010101100011010010110
