10001100111011000100000000000000000000011001110101011101111110101001111001011010110000111011111111010110001001101110000100001100
10100111011000110011011111000111111110000011000111111000110101001111000001111001001000001000001110110000011101111100111001101011
01000000000001101010001000000000110001110011110100110011000010100110111100100001011010110111011011101011110101000000000111000111
00101001000000011001001111101011011100000111001101110111100100000001000100100001001110000111011101000110110000101101001001101100
10000111010011110000010100111011011001001101101000011010110000000111110010111101001000100001001101101100101010110101101011001010
00010010111110110111110000110010101100010001000111101110100000111010010101011100110101001101011100110111100010001110110101001111
01001001010001001100001111011110000111001000100110101111100010000001011000111010000001000100000101010010000010111101101110110011
01110010101000001111011110000000101111110011101110100011100010101000110111001010000110011110100111001110010101010010100000110101
00110011011101100100011100010101110000010100011100010100001000110010100110111011000100010111010001101100111001010110011100011011
01100100110101010000111110011000011111010011101110110111000010100111000011011101100010100100100111100101100011001000001101011100
01000011001111100101100100110110010001000000001010000010000001011001111111000111111010111101101101100100100100100110000100010000
01001001000010111101010010001001110111100110000011001001101111000100100010101000100110010101000011000100001110110111111000111101
11111111000010000010110110010110101001100011011011101110100010110111101010110010101010000001101101101111101100110011000100110010
10011010100011010110011110111101101110000110011010000001101010111001110001000001010100010010111111001010101010100101000101011100
11001011110111100111100111100011100101100110000000010111111001000100000011101001101100101001011110000101000101010110011010011010
10001101100100010111011011010110010000001100100000010011110000100111010001101000110001000000010010111011100100111100110010000001
10110100110010110100010100011100100110110101010001010101110001000010110101111110001011010000100111111010101110101000100000010011
01111111001111011100010011000011011001110110010010000000110001101111101110110110001001001000001010110010011000111010101100111011
10001001000010011100110011010001111001011110001111101110100100010111011000010110110101111001110101001001001101100000110110010010
01011010011010100011010010111010100101100100101001010010010101100001101000010011001111111000000011100010100000100011001010100111
00100010011010001100001000000110101111100010111110011110011101000110101001011010110011001000101100011111001010011000111100111111
00011000101010111110100000001111011001001111111001001000110101100000011111011100011111100011100010011011100111011100001100011110
11110000011010111010010101111010010110011010001111101111101011101110110110010110110100010010101100001000110010100110011011010100
11100111110011001011111010101011010001100111101101010111000111110011001010000000000110010001001101000100010101010101000111010110
00110010011110010011011000100111010101101011001010111110101010011011000001110111010011010110110001110010111111011011101110100111
01000111111100010101011010010101011001000000001111100111100100100111110000101000010000001010001000000111101011110110001101100010
00101001011101011100011001101001110100001100010110100001001101011110010001101001110110101000110000101111000011000011100100101101
11100011000100101001101010010010101101011111000001001010010010000000111101111110101001011111010111000000101111111101011001111011
10100100110001000000101100101111111100010001100101010011011110010010011001111001000000011101001101111110100011001010001110111111
10001011100111001000101011100001100100011111000000101101100111110110010100111001111001010111100101110001000110011101100100011111
11010101100100100101010000011000110000000100010100010000100101111100110111000111001001101010011100011101101011100100010100010100
01101000111011110110100011011111111101011101010001010000100010000100001010011111001000101010001110110000100100100100101001101100
10000000001110111101110110001111000010001100101010100101011010001101111010010100101101101101100110000010011011001111000101101001
00000001111010000010110111011110001001111001010011111010111101011011011111011000110001011101000001011001101010110011001000101000
11100111011010000011110011111100110111010000010101100100000001101100100110011101101000000001000100001000001110110000110100111001
10100101010001011001001111001111101111000101011100101101111101110011110001001011110011111100010101000111001010000001000100101101
01100011010100101100000010001111010110001101000001100010111100011001000100001110010100111011101010001110000110011011110000011000
10111001000011000110001011011110111110010001111110000101000001001100010111111100011100010001110010111101000000110001100011000101
10100110010001000001100000011011111111111000000000110001011101011011101011000101110010001001101011011001000000111110101100111011
00000011110111001000011111111101010001111011000010101001001111001001001110001110111111001101010101011111011000111110011100000010
10011100010100000111011010110111011111110111111011010101101101111000001011010110011010111011100111011010100011001000010100100111
11111001011001110000001100101101110011010000011111111011011000111001011101111001000011110000000000110000000111101001110100110100
11011011111011111011111100001101010101100010100110111111101011111011100101001001100010010111100110011000011110010001001000011101
11011010001001011101101001100000110101111100111100010111011010000000000111110111111111110110000010110100010001100010000011111101
11101001101110011001111100110111111101001111010011011110001011111011011100111100010000001001001010000111101100011111011010000110
10101110000110111101100101010101010000110011111011011110100010111000000100010001100101000000000011100011101010110101011111000001
11111110010110010000010100011001110010011011000110110101100001000010110100010101010111011010001111010010101100110110100110000000
10101100010100010011100111101110010000100111010100000101000001010011101010000100000100001101110100111010010001000100101011011001
00010011111100000011101000010001101110001000110001100100011111111011011000001010101100100011010101110011101100001001011000110100
01000101001000000011010000101011010000000001101011100101001111110000100110111000010001011010101110111000000010100111001010000011
01100011101111111110000001011010000111001010110111000011001000000111010101010111010101111110001110101010100010101011110101011110
00100100101111111011101010111011011000101000111100010001010100111111011000100110110110000010000110101100010101111110010100100000
10001000101000111001010001000111110000111011000000011000011110011001110011001110010001100011100100101011001111111110111110100000
10011001111011010001101000001111111110101101111101111111001100000001110111100000001111110000101011001100011101110010100101010111
11100111010000110110100000101011111001101110010100110000101111010101111010100000110110000000101011111101110001000001001100110110
01000001000010111101111111100101011110111100010010001011011000000111010100001111111100001010001111100101100100110011001011010111
10000000110000011110100000001000000001110111010011010110101000111101100011001001011011101010000100101011101110101101010100110011
01001001100001000100100010011001000000000010110010101010001101101000101111110100010000010100110101011000100111001110100011101111
00111111110100111000110111001111011100010111001101000000111001101110000010110001000000101000110011000011100101001011111110001100
10111100010011111010010011011000001110011100010111000010011100101110111101110001011111001100010011100110101001011100111100011101
00000001110010001111100111110111101001010011010011010110101111100001110111110010001111001011111011111000101111111000011110111011
00100111101110010110111100101110001111100110010101101110111100010110000000111100010000000010111011101101111100011010001101111001
10000101101011001111111101010111111011001011101010011010110000110100111111111110100110000011100011010111111101000110111001011001
11011001011010110110001111101101010001101010110101010001100010010110011111000011010011010010111011111001101001001000010011001101
00010001000001001000111000011010000101101100100001010101110101110110100100111111100101000111010000001100010100010011100010011001
10111101111001011011010100110101001011010101111110111011001111111001111110011010111101001100001110011010111000010011100100000111
11011101100110100010101011101110000001101100001011101001001011111001101011100001100000010110111010010100001101010100000010010011
11011011001010110010011001000011001001111001001100011110101010111011111100010010000100010000010011100001111010000110100001011100
11101001101101111011011010001100001110001101000100101111111001011001111000110111011011110000100111100101010111110011101100111110
01000000000101001010110111001010011011110111100010111100101111000001001101101101100111100100010010011111101111011110001000111101
01000011101111010111101011100111001100100011111011000000101101110101010010011101110101111010101000011110010011010001001010001111
01111100001101101010010101101010000001010010000110010100001011110000100010101111011011011101110001100010011101101101101100101000
00000111001000000101000101010000000010000111100111111000000110111111110011001110000000000001111100110001001000010100100011000010
01100001110001011010111101110010111010000110001111000101101100111001001001011100111110101101001001100111010000101110001001111001
10100000111100110111111110111100011101001010111101110010011100101101011011101101100011001111000010001011010101001111001010011000
01110111010010011110111010111111011111000111101001011100001110010000001010001001111001011111110100011111101111000010111001011110
11010111011111010101001000001010000011001001010110110111001101011110101110100110100001000100101001111100100101001011100001101000
00000111010111010010100011110101010100100000111011111011001101010100100101010001010110100010011011111100100100010110000011101011
11001000001000000111101000111111010010000110111100000001011010000101111000010001101101100000011101010111001111111111111100010100
11011000111010110010101001111011010001111110000101101010001101111100001000010011011000010111101110101110011110110001001000111110
10011110111011001001000100000101000101110011000011011100001101000001110110010011100110000011100110001110101100000100001101101111
01111000110111001110110000101100001111001101110000000100100001011101010101010011011100101000101001011111100100101010000110100001
00100101000111001101001001111100111101101101011011011000110101111001001010101010110001101100010001001010111010101011000101111100
01000111011101011100010101001111111110000110111001110110000000111111100101001000011001110001110000010010101001111110010101111010
10101001011011000001001101010010001110001001111100100000001001100100010001111110101011010110111000010111010011010100101100011111
00100101000101110111100011111010000011001010110010011100011111010000110100111001011011101101011000001010111111111000110100001011
11000001110011010011011010000001001100011111101001010011111010101001111001010110001011011010100100000100011010010111101101010010
00101111010101010110000010001100110001100000000010000010001100111110101100100111000110000000011010011001111111010100100010000010
00001110000000000100110010000010111111100011101000011001110010100101100110111101111100011010101011000111011001011101010011000010
01010010111000000110101011111010111010110000010001100101000010101110010110000110101111011111111010011101101110101110110001010111
10011100101111100000011001110111001111000100110000111110011011100001011001010110111000010101101101000100111010100101001101001010
10000111110010010101001001001101011000110111111011000101011010101111001100011100011100100010011000011010001010111011110011001000
01010101101010101011011101001111100001010001000110110110011111001100110111100000000101111111001101111101001010110000111110001101
00010110001001110111110010010011100100011110111010101101101110000100001001000111000000010100001011100100000101001110000110010010
10010011101100101100110111100110110000001000001110000011111001011001101111010101101011101101101111010010001101010000010011001111
00001111111101001010011000001101001100100011011011011001111010101100010010100101000110100011000100111111010110000110100000000111
10011111011110101101101010101000101101001001100100101010101001000001011100110000010000000100110001000010111001111101111111011111
11111000000111101010000110101010010001001000011110010000110100000111000111100011110100000010000010100000010111110010001110100110
00100010011100100010010111000100000000001100010011001100011101011010011001110110001111011001100001110110100001111100010110000000
00111010110110100101010011101101101001101110100011001010100111010110010001100010111000011001101111110010000011011000100100101101
10111100101101001000110111111101000110010001101111000001111101111001010010111100001011010011010011110111001110000010001111010010
00000010100110010010100000001110000011000001101010001000011100111010110101001111010110000001111011010011101010100001000001000000
01111010010010111100101001100000101010010010001111110111011011100101101010100011011011100101111011101011010000100001010101111000
11011110100001110101100100110011111010100000101001001101100001001001111101011100000110010100101100110111100010111000110011110011
10101011011010111010001011110000101110100000111001011001010110100101011110001111011111100110010001100101110100100101001001110101
11010110111110101101010000001110110011100001011101101000110101110011001110010011011001010100011010011000011010101011011111001010
11100011101010110000011011001111001010100010000010010000111111110000101000110011110101011011000101000010110000010111101000011001
00101111101110101101010101101111011001001001110101011000000011010101011111010100001111000011101001000100010001111100001100111101
11001100001011010001101001101010101101110101011001010011000011011110111001110011010110001010101111011010001001110001110000101110
00010101001101011111101111111100011011111111111001000111011110011101101000010100011111110000101000100001000100001100011100101101
10000111010111100001010000100111000110100010011001111011001100111111010111110011000101110101111100100011110100001000101010110000
11011111001100000011000010010101010111100111110111110101001111000110111011110000100001010100110001000101010100110001011110111010
11000010010001100101001011110101110010100010101000000101011010000000011000111010000001011111010100000111110110111011010100000001
00011010101010111101001111010101000101111111011010001101101111010000010100000010100001101100010101011101010001010000111110000010
01110001100110001000001110000011100100110011010001011001100010111110011010010010011010110111010110010000111010101101010001111100
10000001111111100010000110001101100110001111000100100110010100100111101001010101111100001101010110110100101100101101100100110000
01110110101001110000000001111000010111111101110110000001110011101000001111101011011000010000000001111011111100000001101001100001
11111011011100000100110110100011010101111011011000111000100011110010010110100000001110111110101110000000000010001011010001101100
11000001111000011001000111011101111000000111000001100011001111001101001011010001100100000011011111100010011010111110000101000100
00001001101001001010000010101010010010110111011101001011010111101100111000001100110101110110001011111110010001100010010100100100
10111001111110000100101100111011101110100110010110110001101110101110101101001000001101000011001010000110111100100100010101011011
01011001100010101000101001010101001110111001100111110110100100011111111000100110111101110110010010010000001101000000101000011011
00010110001010100111001000100110000000010000000010011001000110000101110111100111110101100100000001010110011011100101001101010110
11111101100110001010000110000111111010101010110000100101001010111011000111100000110001010110111011001010011010011010110000001010
10110001100101011001011011100100100100011111000101011110111010111000100110010110110111000100001000010111010101101000100100011010
01110110001011011001010110100001011100001011110011011011110010100101111011001000000010000010110101001010000101110101101001111101
00001110000101110011100100010111001100000001000010010000010101101101010100100010011111101100010001000110110010000101110011000111
10010111010101000100001000111000110010100100110000101010010001010100110100010110010001101000010010001000011010100111001100100000
00001101111001011101011011000111001000111111111010010000110000000010111010001001110000110000110100011010110010010101110101001001
00111101001011101110110010010111111011000010001100100010101011010111000011101010111001100100100011010000110011111000100001100100
01000000101110110010001001000001001000000011010110100110111001000000100001001110100011011000101111010101010011000101101000111101
10011010010100111111011011001110010011100010001111000001010110110111000100111000110110100010010000010110000100110011101001001101
01101101111111100011011011001100110101001010101011111111100100011001010101110010110000100100101100011011110111101111010000011010
10100010110001111111101111101100100010110110000011010010110000001010100001111101010110100110000111010101101101000010111001101100
10111101000010011000011100000110001011010110000110010100110111111101101001110101001110000000111100111110100100111000001110111011
01010100100000101101010001011011000111110011011000010011001111011001001110110001101010111010011110101000000110001000111110010010
00010010000010001100101010111101010101100111001001110010011011001010011111001111100001110110001001100010000101001110001111000011
11110010101100100111100011100010000101010010010010111100001010101110011011001110010000000001100001111100011110000110011101111110
00000000000000000000000000000000000000000000000000000000000000000000000000000000000000000000000000000000000000000000000000000100
