10001000111011100010000011011001110000001101001100000111110000000100011000011001111111111001011110011110111110001100111111010101
01011101101011110010101000000111110000000001100000000110000001001111111100110100101011110111010001100111010110110101111100100011
10101101110111110100100011000011100001110011110101011100100100011111010000011101100100100111101011111110000000100011111000101010
01011100011001100110100011001011100100101110110110101111110100111011010110001110001110100100010001101110000100101010101111001011
01000111001111010111001011010101010001110010101000011010110000010001001111111001000010011111101011100000011100100010011110100101
01110011101101101001110001000101100111011110100001110001000100000100000111100010001100101000101001110101000111011001001001110101
01101101110100110000010001001011011100100100100001110111001000010111110011001101000110100111110011011111011111101110011010101110
11011111010000010111011000001110110110001001001101010110101010101001101010000011101011000111110000100111001000011001111111011010
00101001111001101000000000001111111111111001000110011110100110000101100011001110101111001110110100000101100001011010110010011110
10111110101010111001110010110100100100101100000111000100111000011000110100001100011101110001111001110111000110101111010010100111
00101100010000101110011011000110010110101000011001100000100110110011001100101001010011000101000101111010010001101110100100101110
00010111101000001100110110000001000001011000010010100000000011101011001111001111110101011010101011100011010111110110100111001000
00100111011101111000110100110011111110110011111111110010001100111110011011110111001000000110010111010110111111111011000000001011
11100010001110100101110010100100011011001110101000010001010100100010101011111000010111010101111010101010010100110000011010011001
00101011110111101000100101001101110100111100100001010111000001000010011010101001101011001000010011001100110001110110011011101110
01001010010011100001001101111010011010011010100110110111101110110001010110111011111101100110101101111110100000001001101101000101
01110001000110000010101110100010111001111000001101100111000101011101100000111001000111110100011001110000010010101101110011001101
11000011111000101001001111000011000111011100110000111100010110001000101100011000000110111000101111111111100011011010100101011000
00101000010000010110011001101111010101011110011110101100000100111010111011110101000001001100011111000011101010100000100101000111
11011011011010011001110100101000100100001100011110011111110101011111111101000000000010011011111101101010001010110001010101000000
01110000100110001001110110011111011011010101110001101000011000010111110111011000101100100000001111100100000110101001011110110101
11110011101001011100110110111011111010001100100111010110100000100001000111100111010101110110111100110111101110110110001001001000
10011011111000011100010101101110011100101110000101001111011011000010111011011110101010000110111110001100000110000000100011000110
11101010000011000000001001001111110100110100011000111000011100010011101111011010000011111101110100100000010001000111110101111101
10110001011111010001011010011101101110101111001100000111111100110110110111000000000101011010110100011101110110001000100011110010
01000011110010110001011010010001101110110111011000101100111100110010111001011101101001000111100101111001000011111100111101100111
00100100000110010000000100000010001101110100100101001000100111110101101110010001000001010100110110001011111111001111010100011001
11100011010000011101011110110101101001100011101010010000111111101001111101000001100100011100110011111001010100000101110101110111
11111110101010001010010000000010110010001011100111101011110010000001110001010101011111001101110011011101001100110110110001101111
00101101010010011000011011010111001011111000111000111101000110100100101111110111111101101011100100010111001001010110001010111100
01011100110100111100011001101110011011110110000110011010001111011011000100101101111000111100111000111001111101100010000001010001
00101110111000110101000010000000011011001100011101101000111111000110000000001111101001110010110001011000011111100110010100100110
00010111011010111000101100011011101100001010011101010101011100001000001110001010010011011101001000111110101010000100111111001100
11101000000000001110111000101010010001111111101001110101111110100000101100011110001110001100000110000111011001110011111101000100
01111110011001011101011001000100101010101010000000101011010010010100100010000100011001010111001111000000111110000010001101101010
00111010110011111101001100000111101100001010011010110000101111100111110001010100010111110000101011001100101001011011001101001111
01011010011000111010111110110000001011010100100011000101011100011100011111010000011011110110011100110000110000111001111011000011
00111101010011110010011011111011110000001101000000110101100010101100001101101011100001000010010011100110010100111001001000001100
01111010111000101001100010010100101100011000011011001100000101101101001010101111101111001011111001110111011101110100001011100110
10000110110000000010001101000010100011110111111011110111000100001010110101101001010010001000101100001010110000000100101111011011
00000100111111111101001100101001001100111010011000101101001001001000000011111001011011100110010000110101010101010010110011101101
01111101001111110001011000111001110000111111101001101010101101010011010110000101110011110110010001100110111010000001000111011111
01000011100000011000111011011101110100100101001111111010010100010100101100100111111101111101011100010100110011000000011110000001
11111111001100011001111101010010001110100110101110111010101110110110100011011011110111100100011101011111111010100010100000001111
01110000101100001101100111100110100011111100100001000001000100010100100000001101000101110010110100100000100010111000111101110100
00001101010110101000100000111000101100110010111011001011010111110101101000001111110000111100001000101100011000100001000000010110
11000110001010110010111110110000110010101001010010011001011010110000011111011000010000000110011111101110010111011001100000100100
11110000010000001101101001110010101111000011011110001001100111111110101010000111110010000111001011000001100110010110101000010101
00100111000010110100001000001000101110111001010110011100110111010011001100011110000100000111010110000010110001100110100001101001
10000101110110111011110010010011101000011010010100101101111100111111011011000001000111100011000011101000100010111110100001011010
10000100110001101011110011010100101000000110110110001011111100010110011101110110001010111100001000001110100001100100011001100011
00000010000110110100010101100011010011010001000110110111001011110001000101100000001010000100111001111010100110110001000110111011
00100100100101101011011011110110001001000101101100001111011011000111111000111110111100001111001111011001110111001110000001011011
00011011100001000100111010010111101101000000001100001000011011101100010000110010111010110111001101101010010001000100000101111111
11100110011111001010110101110000101000001110100011010001100100010110000111010101011101001100111101010100101101110110010100111011
11010010111000001110001111110011010000101001001100101010010011001010110001111110101001101111000100100010010001111010111001111010
10100111010110010111111000011100010110111100010111011111010001110101010000010011111111101001100011011010000010001111100001111000
01010010010011001010101111001100101000100000101000011100110110010001110001101110100000000010001101101111001000111010101010001110
11101110100001010110100011110101010011111101001100001000101001111101110000101001000001111101010100010101111010100101110100000101
11010011111111111011010101111110101000111111111110000000000011011111000111100111011011101110010010111110101101001100100111101011
11101000010000011111111011110011011110010111000001001000100000000110000000011100111101100000101100111101111110111110011001110011
10111000100110101100001110010100011100101011000101101011011001011011010110110010011011101000111011101100101001011010100101001100
01111010010111011001010111000101111111011001110100100010001111111011011111111010000111100100111000110111011011001011111111000000
00010100011001001110001011100000110010001111111101111001000011110110011001100011110110110100010110111001000001010001010111001101
00011000111001110001001110011011011100100111011010101010001100110011110100010000000100001111011000010011000011100000000000010001
01010011101110010011111111010100000010001100100011001001010101110010111101100101111010001010010011011001100100011111001000111011
00100011001110011111110111011100011110001100100001101010110110101010011011101101000000101111111110001000011010110011110101100110
01111110000110001010111000000000000011111100111011101111111100001101101010000010010001100011111101100001001001011000100001110000
11010011111010111011111100110101101110001010100101000010001101000010010001011011110001001000101110110011011100101011010101110111
00100110011001101010111010001000110000100001101100000111101111101101101001111111101000111001100101010011101001111011100000011011
01011110101000110100011011100000010000011000011011111111011010000001110111010111010011011111101100000111001001011100011001110101
11000010100111011100010001011001101011010110010101110101010101110101111010000111100010110001001100011101001111110001111110011010
00100110111011111100011101110001000010101110010110100111111011101000111101000011000100000001001010100101101100000010010111011010
01001110101101001110011011011011000101101111111100000011011111111110100101111001000001010001000011100011001010100011101010100100
01111000101100101110001111100000111000010001000011100001001100100111100011000110101010010000010110001100010000100011011000000111
00001001001010000101010000100100001011011011000000101100000011000001101100100000000110100011010101100101100001010010000110100011
10011111000101000000010010000101101100111001011010010011001010111010010011000110111001010101001111101111011010110011110000110011
00001001001001110011011001000111011011110011011101111010110000010011100100101110111001011111010110000111000100010111010111100111
00000001100101111000000010100100000011111011110110010101111111101001000110100000110110101001110000101111011011110110111010101111
11100011001000000000111010001110100101010010011110101001000011110111100000111011010111110101100111010100001000011001001110111100
00110100110110111101110110101001111101011101100100001111100011011011101101001100111110011110000010100100100000000111101011000000
11101100011101000011010100001011101100100010011001010101101011101010100101011100011011011000111010010111111011101011110000100110
00001111000110000000001011001110110111100010010110110000000000110100111011011100100010001100111010001000001110111111110011010011
00010110110110010001110110111010111011000110011000101111000111010001111100101110011110111001110110001011111101111111010100011111
11100001110101111111000011101110000101011110100101011010110111101010101011111011110001000110101111111011111101101110000010011011
11010100010111101101100110001010000100101001011010100011001110000000011000000000000000110000111110010001110011011011101101000011
00000011000000010000011000111000100011011001110011010010011111100010100101010110000110100111100100011110011101110010100011111101
10110001001010111111100010000100110011010001110000001010011001101101110010010001000011010111100011000101010010100100110001111010
01100101010000101011110100000110111001101111011110001101110100011100100111000010000011011000110011010100100001010000010100011101
10111011000010001111000000101000001000111111110111000011101110000111010100011101000100001101100100000100010011111100111100001111
00101000101001000000110011100001001111011111101101010000010011010010000100100100110000111010110110011001011000011111100111011011
10011100011101111001010011111011101101101101100100110010010001001101111110100110011000001100001000001111010111110111100000000001
00011001001101101110110111110001011000011010001111001001001010000000000110011101010010001010101000101110110011011011101111001110
01010010001011111010000010000001000111100010100001010011111110000000010011100111110100110000001010100010000111010000010000010001
01111001100001000100110001000110001111000000000000111111101111011101001000111001001110011000111100010011011011101011111101001000
01100000100101010011110111110010010011000111000001101110001100001100101000100110111001110110011010111101011000000110011101011111
11100001000100100101110101101111111010000110000000010110100101100000110111011001100111101101110100100001101111111000010001100100
11100011111100110001110101011111011101100111100011110001111011101101011010101000001010000110001001110101011101111011101011101011
11011111000111000001101110110000010001010110010111001000001000111100001010010110001110111110100011001001101110001101010100010100
10001111100111011110011011010101001110000011101111010101011001101110101101010011110001110100111001100010011111110111100011111011
00001111001000001000111000100111000110101011000011010110111110000110000000001101111001011100010101110111101000010110001100001111
01100000011001001000000001110011110101110001000000110101001111100110000011001001000111100001100101101111101110000011101010110000
10011000011001100011001001000001101110011110010001111011000101101101110000101111100011001001001100001101010101101111110011111000
10000111010111111100010110010010111100101011011011010010010001000001000001001111110001110111000110000111110100111111011010101000
10110011111000000001110101011100100001100101011111000111100110011010110101101101000010111000011111000101000101100111011010011111
11010000110011100011010111101111001001001110011000110111010001100000110100111011000101000011000101000100011011000001011000010010
00000011111001110101011100110010110111001010110101001010111101000110100100101110000011100101101100111111000010111100110111001011
00101110101111001100100100111110111111011001111101100011010001101011011101011111101000101001110100110010111000101001011000000101
01001111111011000001110000111001001011011010110001001001010000111100011001101110101010110111100100101001111001111011011010111011
01100001011110000101010001001100110011000000000111011000111000010001110001100000100111000001100101000000001100001001100110111000
00111000011011011100111001011110100110011101001100101001010100010010100111100110011000100111100010001011110111111100110101011101
11000000100100110011110011100010011011111010100001111100100010111000000001111001100011011011101100101000101110111100111010101010
10011101111010111111111001100010001000000101011010110100001111001000111111101110000101001110001011001011100101010111111010111001
11011010010100010110100000101011101111111011001000101001110011000110100011111000100110000100111111101110010100010001000001110101
11110000101010111001110001000101000100000111011111101001010110111010011000101000000000010111100110011101100101000100011010011011
00111111100011101110001001010111111001011011010011010101011100010000010111100010011010000000000110010111010100000011101111010100
01000100110111100011001000011101101111110100100100100011001111001010010111010010011011110011010001100001010000110010110100010010
11110110000101110011101000110000100011101010011000101011110111110001100000101000010110101011010011101011011001111001001001010000
01011010101111101101101110011001110011011000101010001110000010011000100000111010100100011010100010001001011011111010100010011100
00000000101000001100110100011110100101010101101110100100000110100100100101110111101000100010111000110010101001000111101110110010
11001011000001101000111000100100001001100100010110011001110001001111011110010101010101000111110110100101011110000110111101000101
10000001111011001101111110000101011110001011110011101011000001101001010001111110101000100001101000011000000101100100110110000110
10110000001001001100011100100001100101110010011010110100110011100111011001111111100001110111000101110111001000100010110000000110
00101000110000000011000101011011010111100111001000000001101001000101001000110111000111100010010110011111001111110011011010000001
10110110101001101011000100011010110100011111000101010110111010011001000001011001111001101100111011101101011110111100110011110001
10000010111100101010111100100110000101001111110110101001000000000000001111001001001100000000011111100101110011010100100001011010
01010010111001110100101100101100100101010001000010100001010001000011111100101000111100100001100111011100101110110101000000000111
11011001110100101111010100111110101011100111111011010011010010010010001100010010110001110000010101010010100011111001001101110111
00010000011000101000101101101110010010011000010000000101111111110001101100110011101101110100111011000111010011110011000111100100
10111110011011111001001011100101001001100011010010101100111000110000101101011111110110010100000111010110111100011011110100101000
11000011100010100110100111101000111000101100101110000110011101000001111101100100111010011010001101010011001000101111000010011110
11000111001001110000101001010011111111100000111000010110110010011110010101111000100000010011100111111110111101010010010011000001
01101100100010111000110100010111100101001010110101010011100111000010001001010101100000110000001001001110010010011011100011101110
00101000011011001110111111111100101110001111001100111010101001101110100110000010011011101110111110011111000100111001000011000011
11010111000111110011000000110111011100011100110101011110000110111000010001001111101110010000100000001010011010001010010000110100
01100010010010010010101111001110110001011001101010111101010010000110010111101010001100011011111111111011101000110001011100111111
00101010110011110001101001001010100101101011011010010101010001001000010010111010101010011100111100010010011110000001101001111110
10001001110101001000110101010010011010100111011010100001101000110100111111110100101001000011011001110010100001000100111001100010
00000000000000000000000000000000000000000000000000000000000000000000000000000000000000000000000000000000000000000000000000010001
