10101011101010111100101010000100001100100100110101111011111000101011100101111001110100011000110101011001010110001010110101010011
11000110110101011011101000101111101011101111110010011100011000110001111000000110100010010010011110110000000001010011101101101001
01001010000101010111110001111000001110101001111000001111000101011000110100110010110000000111010110001010000111001111000101110110
01001001110110110101011100001001010111100111110111000011111110100100011111010010110110011100000111010000110101110110111110010001
00111000111010100001000111101100000100011011010110011111010110010101000110101111111000001001001000110101011100010010101000000100
01001010010001000000110011001111011010100111111100000010101100100001001100110100111010011100010110011000101001011000001011011101
10100111000111010111011001001100011111000111011010110110010000100000011011111011000101010101101000110000000111111111011101110100
11110110111110000000010101101001111101111101101111101011111110000110011011011100111101011011000100100101000000000111001111110101
00000000110001000011011011111010110110101100100000011000001010111011011110010100010010000001101011010110111100001100011110101001
11101001110100010010010001110101001100101011101011000000100100001000010111000101111010110001011101010001111111001100010000010010
11110111001101110101000001100011101110110100000000100110001100000111010011101111010111001101010101110110111011000010000110101000
10010101000111111101000100110011110011101000100100111100110001011110100111101001111100011100110101010110001011010101110011110100
01100000011000100100001101101101001000010011100110001101111010010000110110101100111000011101000111100111001000110111110111110111
11011101010110111101100000011010011100000101101011011110011001101111000110001111001100100110001011001100101101000011111001110010
00101010001100111011101010010011111011010000110111010101011001100001010000111001101100000000101110101010110111111111001011101110
10001000000111111101001110100110111100100101100011101100000001000011100111000110100111100000010010100001011000101101100111110111
00011011111000001011001000010100000010101011010010101010100100110000010011111100110100001000011110011101101011100100001010011010
01100111100111101010001010110110101101011011100100101001110101111110101000100010110011011000010001110000100000100110100010101101
10101000100101110010100100011001001111000101001100110111100000000110010111001111000011000011011001111100000011001010001111000110
11011011100100011011011010011000000101010100011110100001101000001111110011111010111100100100010100011000111001011001100101110100
01011111001001100011110000010000111000010011000000000010011100011110011000000010100100010001000110000000001000000010011100011111
10011010100110011101110001111010000101001011100110001100111010100110100101011010101101001000101011010101011111111001011010011111
00000000000011101111001100001011010011111011011110110010001100100100110011111101111110011111101101101001011001001100011011100111
10101011011010111011111110011011101001110111111001101001111000010000110011001101000001101000001110000101011011100101111011100001
10111111011100011111001010101011111011010110010110001000100000011011010010110111000100101110111000011011101010010011100101001001
10111010111100010110011011011011011111110010101000010000101101100100001001100000011000010010110000000100110101001010011000110100
10101000101011001010110100101011001101111000010101110010111000010101101101110011000001101010000100011101011100010010111000010101
01111101111101100001110110110111011111011011111001110011000001000101010000100000111110110011110011010111111110011111110010110111
01001111110000100111111110100011111100111100011011001011100110110101010010001001011111011100010011000000011010010001010100111110
11101101101110010101101001011011001010000111111011000110011101011111110100111111011100001000101100100111111001110001010000111010
00000101110010101001000000001111100100110101001110100001010110010111110101100000100011010011111010101001111001111010000101010101
10011010010010111010110010101101111011100101010010100001001010100100101110100110110110101011010000101010001110101010111010111000
01101100001110111111101010111000001100100010101011100101100010110100010010110011101111010101100101010110011000111000101010011100
11111011011001100001101101010000110001011010100101111010100010100001111000101010100011100001001001011010101011001001110001000000
00101010100001010101001010001011100100100000100111101110001111110010111100101111010101100010011010001101000100010000101111101100
01110001010111001110101010001111001011110001110011000100100111010000110010001110001100100010101101100000111110001100000001001101
00000101010111001101101010010101000011100011111100000011110001011111100101010111100010101011111011101011001111000000001100101101
10110111110000001110011101001100000010111011100110101000110000011001111101001000101111111100011011011010011010101110011111100011
10000001011010111011000000010101010011101101011010111111010101011001110111111000010011101000101001110110010001011100111011100100
11100000010010000110101110111011110010101100010110000101010110011110110111100100010111000110011010110101001000011000110111011110
11110110011011001000001101111110000010011110110011010010110000111000000010100111110110000011111001111100111101000010100011100000
01101000001110000100101110101101000101001101011010001011100111000011110101011000100010100010010110010100000010101011001111110111
10110000101010000101000011101011111000100001001100010000100110110101010001000011111100101010001010010011101000111001101011101000
00011101111111000101011011111000010000110100111100110101001110001000110011110010110110000011011001000001000011110011001001000010
10110011100011000111111100010000000011111010100100000001101111011110110100011010011000010100101001110011001001110100001011101101
00011010100101111100101010101111100111100001011110111001010011001110000110110100111101010000010100001000000111001101100001101001
00010101111010001011001011100010000001100111011111110011010010000001100010110110000111001001101001100110001000010110111001010101
10001011101100011110111101010101111111110111010011001010111100110001110010110010011100100010101110101000010111010101010010101100
01000010110100011101100110110001000010110001101100100001001010111010011011101101010110100110110100110101011010011111111111100101
11111001001000001111010000110100010010110001110011001110101000010100010010111110000000010010110110111110011101010111000010101111
11010100010101011000010000100110011010111110001010010011100111010001100001001111011010101000111000011101101111101010110100110011
01001001010001101101100100001111110100010111010010101011100001010101010110111001101110111111101111100110110110001000101110001101
10101010010111011011101001111000110000011111001101000011111010010011100110000101010111101101100110011100100100111000000111100111
01001111111100101100011011011110101001011010101100100000010100111010011001000010101100010100100001101110111100101000010110100011
00000001001011110101101101101001000100100001110100110101010011100011100101111011010111101011110110000010011001100011111001000100
11101111010001001011010100110011000000000101111101100010000101001101110001101000001000110010010010101010010000110111011110110001
11010110011101100000110000111010010101111010010001111000111110010000000111111100100010101111110010100000001011000110101111101111
11001111111001011011110111000001110111000001100000110101111010001011110010010010001111011011000111110010111000110101000010101010
00101100110110000111100010110111111100010110111110000010100000001001001001000001010000111010011001110101000110110100001110100100
10100011010101010000010010110000000000001101100010111100010110101100001000011011011011000110001100100101000011011111100010101110
01011101011010011100100001000001100010010101111001001101011111011000101101010111000110000000010010111000111001110001010011111010
10010010111011111011010001111110100000110101100110001001011001001110111111100001011111000001010110001010010101111110110001000010
11110011111010000110101011011000010001001011101011100000111001000100001011101011100001111011001010010100010101001101011101001000
10000100011000000111011010101110110001111110000010101110101100001100111111101011101000110001000101110001111110011100100010001101
10011111100101111110100001010101110111001011001011010101101001100111010110001010110010110000010011111001100001000110110111011111
00100010011001000011111001100110100000100100111010000010101110111100111001100010111001000111010001011100100011010000011000001000
01100001100000110110011110001100100111100010011110000100001011011110101001101011000101011010101101110011001010110101010011000101
00110000000000111110101010100011110111101100110001000001100111000011000101110111011000010000001111011101011011111111011000000100
10001110001101001001110110010100101111100001001110001001011000010100010011111001111101101100011000001001100000101100011000010000
10011110101001111110100101000010011000011010101011001000101101000110011010100010110100101100100000010110011101101101100001001101
00101000001101101100101101101100101111100011111010111010010110010011110000101111111111010101001010100001101101100111011000000001
10001100111111001100111100101111010111100011111111001100011001111101100100010011111000010111111011010101001011110101000100101010
00011010011001000100101101011110011111011111110010000100010011010000100101111111010100010100011100011101100101101001111100001110
01101111010000101110110000010101110011001110011101010101011111000010011101100000111010101010101110010001110100001110111110111001
01010111111011100100101000111001111000100011001010001010000111100110110001101001001001111000110111010000001011100100110010111100
10011100100010000011101010101100000101111110100101011101110100000111010011111001101110111000010001111010110100110111111110001010
11101001011111110100101000110100100001111001101111100101101101010001101011010011100110100111010010011011001010101111011001000001
11001010001010000011010001111101001101011111100010000011110101110100011011110100001100000011101001101011011101100011000100100100
01000100110111101110010001100111111011110001100000011010000001100110010100100011000100000110011011100001100001011000110111000100
00001010100000100000010100110101111010111110101110001100000010110010000011111100110111001000010010101110100011011010001010101101
01010111010101101001111111011110011000101010110001001101110111111011001111011001100011010111100011010011111001000000100111111010
11001110110010111001101001110110000110101011111010110111000110011100101010001001101001001001011001110100001001010001000001111111
01000010100001101100011000010000111111111111110110101001100010101001010011100101100100111000001001010001010111000110100101001100
11011001100000100001011010101101110011111001111011010000101101101111100110001101110110100011101000101010110001011100000000100000
11100111100001101110110101101111111010100010010011011010100001011100001001110000111101100110011000101111010111001110111100110110
00110001101001100111111110100010110000110110100110101011111101011011010011101001010001001101100010110000000011110110100001100000
10011000001111100010001000111110110000100100001111011001100101100011011000000001111110111001101011100110001000000001110100001011
11101111010010110110001100011110100100010111010110101111011010011110101100011010101001100111111001010110110000101011011001000110
11101111100011111000111101110111001111111101010001110010011111110110110001011101001010000100010011101000001001101010010101000011
11101010100111111000000111101001010011010000111110001101101100100010011000011001001101011001011101110101100101100001111011011111
11111101110001001000101001000101010110100001010011111100111001000100010010011110110110100001110111011010011110100111010011100001
10011100000000111101011111010000000000010110000101001001111110101001111001101001010001000111111010100111110000010110010001011011
01010100010000111011100000000111101110110100110001001001000111011100100001001010011100000001100010110000100001110101100001100010
10011111010110011011010100011111000011001011011000001110110010111111011001111111110101011111111011001111001111100110010110001010
00011101101001010011011101001011001101010101000101000011100111000001000100000100111001010000101100000111101001111111011001011001
01000110111110011010011100001000001010011010110001110010100111000110110101011000001111010011100001011110001111011101111101101001
10110110110011110001111010111000110110001011110100010101101011001000011010001101000000111000101000011001111001101001110101100010
00110110110001110111101100101100011110010100111110010101001100010001000001101000000101001110101101011011100000111011010100001000
11101101010111010100001011001011110000011111111101010110011110110001001101001000001110101000110101011011000011001010110100011110
01101110010000110110010001000111101010010111110010110110000111111101110101111000000100000000101000111111110011110000111101010100
11101000001100101110001110001110100101011101000001000000110110001110010011111011111101011100000001011110011000100001110100111100
00101111110101011100101101011001000010011101010000010100100101001111001010100010111100010000100111100100011010100001110001101110
11101110001100101100101111101111011110000111001011001111011101110011010011010101111111111101111011110010110111000001000001011100
10111111001011100001000011010011111011111110011101001100100100100011110010101001101110110110000110010100100111111111001111000011
01011101000110010101111011101011010101110100001010001101011000000000011110010011110011101111101111000111111001110101011010001100
00010111110011110011100001100011001111000110110110001011010010011000110010000110001011101011101111101111000000101101111010010101
11101100000000000111000110011011110111011000101011001111000101110000000111111100101010011110010011011101100010110110011100100001
01011111010111101000001001001100101000000000001110110100000010111011101010011110110110011111001100101100000000100000000001011000
11000010101101101010100110111101011110111001101011011111100001000000111100000011100111011011011100010111110011001101111101010011
01000011101100111110111111111010101110001100110000100101010100110110111110111100000100111100111111111111101001100001101010101000
11101111010010001111011010111101001010100111101111100110111001100110000101100101101001000010110010010101111101010101111010111100
00110111011000011010101011011011010010001100010000110000000000011111010001011101010000111011000110010010000101010001000101000011
01101001101000011001111000101010110101011110010000000101101100101101001111001011000100111000001110101111111001011110110111110111
00011101111000101101111110110101000011101110110100001010100110010101101101000010111101100011101010010101010010100001110110111100
10010010110000001000001011011010100101101001001000101001101111100001111101101101100100000111000100010011110010101011000010010111
10101101101111111001101100001001111001000111010010101011010000100100110011101101011111010000100101100110001101111011110011100100
00110000100100000111101001000100010001101101100101100010111011111111111110000010111001101101011010011100101011001010011111100011
00011100010111000111010001010011011001110010001111000100011100000111111000100011011001001100110010101110111011001110101000101011
10010101010110111011010100100100111110010100101010101100011010110011010010101110000011101110001110011110111110011101010100011111
10011000000001001001101111101101110111010011111110001110111101000100111100110010011010110110110001010011100101110001000101001011
00010111110100110011010110000110000001010010001101110010111001110101010110101101000010100100100110111011101001111011011000000011
00100010001101001100110001010101011101110000011101001011110111011000100011101001001110111010000011010100000001000010100101001101
11111111000011100111001011001100001110010101000001010100001001101000100001010011010001010100100001011010110100010011100011111000
01111000101100010100101101001001010011111100111100001111011111101010100100101111100011010010110010101001000010101101101101001010
01110111111100010010011110100011101000001110111010101100101000111011101110110111001110010111101010011110000101110001100110110000
01010110101010100000010010100100100101110111010011101111100001011111011101110001010111011000100100000000011010010111000101000001
00110111110010001000100111011100010011011110010011111111000111000101100011101111101100000101011011100011010100001011101011011110
10000010110111100111011101011000011000010011101001011111011011001101001010001110000011101000011001101111100010110111101111010001
01100011000110000111000111110101110000001110110110110010010011001110001110111110100011011101100100000011000111011011000011010000
11001111001011001100000011110101010011110001110010110111001101100001101100001000101101111101111101011000001011110010101000010111
11000101010101011100001110111010010000011000110111011110101011110000010001101010100101011000101010110011011011000100000111100101
01100110010101111111110011010100100101101010100100000111000111111001100101111001111010100100111100000101111010111000100000000101
00111010101011010000011111100011001100111111100111101001010110011100101100001010101010100011000110100101110100000111000000110011
00011101010000000110000011000011100001110001011011000010011100000001001111001101010000101010110000101000111100011000000010001111
10000110001100111101110011010110010000000011010000101011111001010101110001111110100110101011111011001110000001000111110101011100
11010010101010010111001100110000100100011000100111001110111101011100000101000011001000111001100001001010011010000010100100010101
01111010010101101100111101101000100101011111101001110111001111011110010110011101000001100100110001100101110111011011000101010010
11011111110111011000100010001100111001010000100110101001010001101100010000100001111011000100000011100111100100011010100011100110
00000000000000000000000000000000000000000000000000000000000000000000000000000000000000000000000000000000000000000000000000001000
