001101001000011
011011010101101
000011011000110
000010110010000
011110110000100
011011010010010
000011010100101
001001100011110
010100100100111
011111100001011
010001110101100
001100011000111
100000011111101
000111001111001
000110010101011
011110000101010
011110100101111
010010111011001
001001100000000
011101011101000
001111101110110
010101000011100
011001011101110
000011111101011
001000111011101
011110010011011
001110000101001
011110111010101
010110011011101
001010001110101
000001110110000
010100010011001
000100101101111
011111010001010
011100100110110
010011011000010
001101100110010
011000011010100
001101100000101
000001101101110
000101100000000
100001110000011
000110000001001
000010011100110
010010100110001
001010000010011
011001100000100
001101011101000
001101111011100
010101011101010
000001011010001
100010001110000
001110100010101
000011011001101
000100110011110
010101001111101
001010100100110
000111010010101
010011010101010
100000001100101
011010010000001
000010101011101
011010000000010
000000100000001
001110010110010
000101111110000
